Name=[null]
Renter=ForRent
Rentable=0
Rentcost=0
Cost=50000
Sell=49000
Interior=7
Virtualworld=1770
Locked=1
X=225.789993
Y=1025.770019
Z=1084.000000
RentPay=0
RentGet=0
