Name=Shura
Renter=ForRent
Rentable=0
Rentcost=0
Cost=500000
Sell=490000
Interior=7
Virtualworld=1822
Locked=0
X=225.789993
Y=1025.770019
Z=1084.000000
RentPay=0
RentGet=0
