Name=[null]
Renter=ForRent
Rentable=0
Rentcost=0
Cost=125000
Sell=115000
Interior=15
Virtualworld=1845
Locked=1
X=295.279998
Y=1473.010009
Z=1080.250000
RentPay=0
RentGet=0
