Name=[null]
Renter=ForRent
Rentable=0
Rentcost=0
Cost=10000000
Sell=9000000
Interior=5
Virtualworld=1767
Locked=1
X=1299.140014
Y=-794.770019
Z=1084.000000
RentPay=0
RentGet=0
