Name=[null]
Renter=ForRent
Rentable=0
Rentcost=0
Cost=175000
Sell=165000
Interior=3
Virtualworld=1868
Locked=1
X=235.300003
Y=1190.040039
Z=1080.250000
RentPay=0
RentGet=0
