Name=Psicoloco
Renter=ForRent
Rentable=0
Rentcost=0
Cost=10000000
Sell=9000000
Interior=3
Virtualworld=829
Locked=0
X=235.300003
Y=1190.040039
Z=1080.250000
RentPay=0
RentGet=0
