Name=[null]
Renter=ForRent
Rentable=0
Rentcost=0
Cost=75000
Sell=74000
Interior=2
Virtualworld=1819
Locked=1
X=222.979995
Y=1239.829956
Z=1082.140014
RentPay=0
RentGet=0
