Name=[null]
Renter=ForRent
Rentable=0
Rentcost=0
Cost=300000
Sell=290000
Interior=7
Virtualworld=1880
Locked=1
X=225.789993
Y=1025.770019
Z=1084.000000
RentPay=0
RentGet=0
